﻿조회기간,2025.06.01 ~ 2025.06.18,,,,,,,
계좌번호,923801-00-058488,,,총잔액,"1,351,893",,,
예금종류,ＫＢ국민ＯＮＥ통장,,,출금가능금액,"1,351,893",,,
,,,,,,,,
거래일시,적요,보낸분/받는분,송금메모,출금액,입금액,잔액,거래점,구분
2025.06.18 13:17:42,체크카드,우아한형제들,,"27,000",0,"1,351,893",KB카드,
2025.06.17 22:13:09,체크카드,씨유(CU)동탄꿈에그,,"6,100",0,"1,378,893",KB카드,
2025.06.17 22:04:10,체크카드,파리바게뜨동탄역점,,"2,000",0,"1,384,993",KB카드,
2025.06.17 21:35:17,체크카드,모바일티머니충전(,,"20,380",0,"1,386,993",KB카드,
2025.06.17 20:39:22,체크카드,투썸플레이스서초역,,"5,800",0,"1,407,373",KB카드,
2025.06.17 20:22:09,FBS 출금,카카오페이,,"33,250",0,"1,413,173",임베디,
2025.06.17 13:28:57,체크카드,씨유서울대301동점,,"1,000",0,"1,446,423",KB카드,
2025.06.16 22:42:34,체크카드,씨유서울대301동점,,"3,500",0,"1,447,423",KB카드,
2025.06.16 22:16:47,체크카드,화로상회서울대점,,"47,000",0,"1,427,423",KB카드,
2025.06.16 20:11:33,체크카드,이디야,,"3,900",0,"1,474,423",KB카드,
2025.06.16 13:04:49,체크카드,메가엠지씨커피관악,,"2,000",0,"19,323",KB카드,
2025.06.15 23:04:51,체크카드,우아한형제들_배민클,,"27,000",0,"21,323",KB카드,
2025.06.15 18:10:27,체크카드,파리바게뜨동탄역점,,"2,000",0,"48,323",KB카드,
2025.06.15 15:07:23,체크카드,투썸플레이스동탄역,,"4,700",0,"50,323",KB카드,
2025.06.14 23:11:23,체크카드,우아한형제들,,"22,900",0,"55,023",KB카드,
2025.06.14 11:42:13,체크카드,(주)대주산업,,700,0,"77,923",KB카드,
2025.06.14 02:00:58,결산이자,이자세금:50원,,0,327,"78,623",동탄시,
2025.06.14 01:17:58,스마트입금,육승민,,0,"30,500","78,296",서판점,
2025.06.14 00:01:09,체크카드,세븐일레븐서초역사,,"2,800",0,"47,796",KB카드,
2025.06.13 23:08:23,체크카드,비알코리아(주)관악,,"11,500",0,"50,596",KB카드,
2025.06.13 22:42:13,체크카드,화로상회서울대점,,"46,000",0,"62,096",KB카드,
2025.06.13 19:30:22,체크카드,이디야,,"3,200",0,"108,096",KB카드,
2025.06.13 14:43:42,전자금융,강신영,,0,"52,500","111,296",농협,
2025.06.13 13:55:23,체크카드,구글플레이,,"2,500",0,"58,796",KB카드,
2025.06.13 07:53:59,체크카드,YBM시사닷컴,,"52,500",0,"61,296",KB카드,
2025.06.12 21:18:50,체크카드,우아한형제들_배민클,,"14,100",0,"113,796",KB카드,
2025.06.12 11:26:17,체크카드,우아한형제들_배민클,,"16,800",0,"127,896",KB카드,
2025.06.12 08:34:05,체크카드,모바일티머니충전(,,"20,380",0,"144,696",KB카드,
2025.06.11 22:52:25,전자금융,강신영,,0,"50,000","165,076",농협,
2025.06.11 22:47:22,FBS 출금,카카오페이,,"46,400",0,"115,076",임베디,
2025.06.11 21:41:20,체크카드,우아한형제들,,"21,000",0,"161,476",KB카드,
2025.06.11 18:41:04,체크카드,(주)우아한형제들,,"21,000",0,"182,476",KB카드,
2025.06.11 18:22:07,체크카드,세븐일레븐서초역사,,"2,800",0,"203,476",KB카드,
2025.06.11 17:22:31,체크카드,메가엠지씨커피관악,,"2,000",0,"206,276",KB카드,
2025.06.10 23:45:59,체크카드,씨유서울대301동점,,"1,000",0,"208,276",KB카드,
2025.06.10 23:12:13,체크카드,우아한형제들,,"17,800",0,"209,276",KB카드,
2025.06.10 19:08:05,체크카드,이지페이,,400,0,"227,076",KB카드,
2025.06.10 17:07:12,체크카드,서울대학교생활협동,,"7,500",0,"227,476",KB카드,
2025.06.09 22:15:31,스마트입금,육승민,,0,"24,500","234,976",서판점,
2025.06.09 21:53:10,체크카드,세븐일레븐서울대입,,"1,500",0,"210,476",KB카드,
2025.06.09 21:30:36,체크카드,화로상회서울대점,,"49,000",0,"211,976",KB카드,
2025.06.09 15:07:52,체크카드,씨유서울대301동점,,"4,000",0,"260,976",KB카드,
2025.06.09 09:31:37,체크카드,씨유서울대301동점,,"1,000",0,"264,976",KB카드,
2025.06.09 09:26:02,체크카드,카카오MY구독,,990,0,"265,976",KB카드,
2025.06.08 23:35:26,체크카드,우아한형제들,,"26,400",0,"266,966",KB카드,
2025.06.08 18:14:28,체크카드,페이레터4,,"5,000",0,"293,366",KB카드,
2025.06.08 14:54:24,체크카드,메가엠지씨커피동탄s,,"2,000",0,"298,366",KB카드,
2025.06.08 09:53:11,체크카드,투썸플레이스동탄2,,"5,300",0,"300,366",KB카드,
2025.06.07 20:09:36,스마트입금,육승민,,0,"3,900","305,666",서판점,
2025.06.07 20:08:57,체크카드,배스킨라빈스동탄역,,"8,300",0,"301,766",KB카드,
2025.06.07 19:55:43,스마트입금,육승민,,0,"73,000","310,066",서판점,
2025.06.07 19:55:41,FBS입금,강명석,,0,"98,950","237,066",임베디,
2025.06.07 19:54:16,체크카드,(유)아웃백스테이크,,"145,095",0,"138,116",KB카드,
2025.06.07 15:40:08,체크카드,메가엠지씨커피동탄s,,"2,000",0,"283,211",KB카드,
2025.06.07 11:41:59,체크카드,강다짐동탄시범단지,,"5,200",0,"285,211",KB카드,
2025.06.06 22:38:57,체크카드,우아한형제들,,"18,500",0,"290,411",KB카드,
2025.06.06 13:39:36,체크카드,세븐일레븐서초역사,,"9,200",0,"308,911",KB카드,
2025.06.06 13:00:25,체크카드,낙성식당,,"30,000",0,"318,111",KB카드,
2025.06.06 10:41:42,전자금융,장윤제,,0,"37,000","348,111",토스뱅크,
2025.06.06 09:59:17,체크카드,모바일티머니충전(,,"20,380",0,"311,111",KB카드,
2025.06.06 09:27:31,체크카드,세븐일레븐서울대공,,"2,400",0,"331,491",KB카드,
2025.06.06 08:40:39,체크카드,세븐일레븐시흥배곧,,"3,000",0,"333,891",KB카드,
2025.06.06 08:30:12,체크카드,세븐일레븐시흥배곧,,"1,800",0,"336,891",KB카드,
2025.06.06 08:28:15,체크카드,카카오T일반택시_0,,"8,000",0,"338,691",KB카드,
2025.06.06 08:17:02,체크카드,카카오T택시_가승인,,0,"8,100","346,691",KB카드,취소
2025.06.06 08:16:57,체크카드,카카오T택시_가승인,,"8,100",0,"338,591",KB카드,취소된거래
2025.06.05 19:49:58,체크카드,소래밴댕이,,"41,000",0,"346,691",KB카드,
2025.06.05 18:56:53,국민카드,KB카드출금,,"8,800",0,"387,691",수신상,
2025.06.05 18:34:11,체크카드,해남수산,,"70,000",0,"396,491",KB카드,
2025.06.05 13:24:30,체크카드,투썸플레이스동탄역,,"4,700",0,"466,491",KB카드,
2025.06.05 11:41:18,체크카드,우아한형제들_배민클,,"31,000",0,"471,191",KB카드,
2025.06.05 00:02:41,체크카드,세븐일레븐서초역사,,"2,600",0,"502,191",KB카드,
2025.06.04 23:35:34,전자금융,장윤제,,0,"22,950","504,791",토스뱅크,
2025.06.04 21:52:50,체크카드,메가엠지씨커피관악,,"3,900",0,"481,841",KB카드,
2025.06.04 21:37:46,전자금융,이준우,,0,"22,950","485,741",토스뱅크,
2025.06.04 21:36:44,스마트입금,육승민,,0,"23,000","462,791",서판점,
2025.06.04 21:32:07,체크카드,한양화로낙성대점,,"91,800",0,"439,791",KB카드,
2025.06.04 19:37:56,체크카드,메가엠지씨커피관악,,"2,000",0,"531,591",KB카드,
2025.06.04 14:44:17,체크카드,구글플레이,,"2,500",0,"533,591",KB카드,
2025.06.04 09:02:06,체크카드,씨유(CU)동탄꿈에그,,"3,400",0,"536,091",KB카드,
2025.06.03 21:54:54,체크카드,우아한형제들_배민클,,"22,200",0,"539,491",KB카드,
2025.06.03 20:12:45,체크카드,(주)우아한형제들,,"25,000",0,"561,691",KB카드,
2025.06.03 19:31:38,체크카드,세븐일레븐서초역사,,"1,200",0,"586,691",KB카드,
2025.06.03 16:51:36,체크카드,모바일티머니충전(,,"20,380",0,"587,891",KB카드,
2025.06.02 23:16:41,체크카드,세븐일레븐서초역사,,"3,500",0,"608,271",KB카드,
2025.06.02 22:56:33,체크카드,(주)하우서울대입구,,"2,000",0,"611,771",KB카드,
2025.06.02 22:38:41,FBS입금,김인서,,0,"14,625","613,771",임베디,
2025.06.02 22:35:55,체크카드,화로상회서울대점,,"64,500",0,"599,146",KB카드,
2025.06.02 19:52:14,체크카드,이디야,,"3,200",0,"663,646",KB카드,
2025.06.02 19:43:55,FBS 출금,네이버페이결제,,"10,000",0,"666,846",임베디,
2025.06.02 19:33:21,체크카드,Amazon_AWS,,"8,529",0,"676,846",KB카드,
2025.06.02 15:32:28,오픈뱅킹출금,토뱅 강명석,,"43,000",0,"685,375",스타뱅,
2025.06.02 15:18:02,전자금융,장윤제,,0,"43,000","728,375",토스뱅크,
2025.06.02 12:10:51,체크카드,메가엠지씨커피홍대,,"2,000",0,"685,375",KB카드,
2025.06.02 10:06:31,체크카드,구글플레이,,"29,000",0,"687,375",KB카드,
2025.06.02 06:51:06,체크카드,씨유서울대301동점,,"2,000",0,"716,375",KB카드,
2025.06.01 23:43:20,체크카드,(주)우아한형제들,,"24,100",0,"718,375",KB카드,
2025.06.01 23:36:17,체크카드,우아한형제들,,0,"21,500","742,475",KB카드,취소
2025.06.01 22:45:19,체크카드,우아한형제들,,"21,500",0,"720,975",KB카드,취소된거래
2025.06.01 12:24:39,체크카드,투썸플레이스동탄역,,"12,200",0,"742,475",KB카드,
,,,합계,"1,412,084","526,802",,,
